"baseMean" "log2FoldChange" "lfcSE" "stat" "pvalue" "padj"
"ENSG00000001461" 138.928785928596 -1.31945320698662 0.295360331646166 -4.46726613432736 7.92255456145001e-06 0.000861260301600073
"ENSG00000005243" 66.7530403838238 -1.8121811005046 0.478577957009462 -3.78659542079321 0.000152725463600871 0.00921594630144072
"ENSG00000005302" 17.8105021693118 2.05033477554931 0.625901329432379 3.2758115043608 0.00105358854026595 0.0380317722149795
"ENSG00000006118" 120.636754404048 -1.13505401667968 0.295694594003176 -3.83860253010745 0.000123736544311508 0.00772864968219376
"ENSG00000008517" 6.09849163231327 -4.02917772970485 1.25458435265405 -3.21156383082667 0.00132014639525103 0.0442357760347528
"ENSG00000010438" 10.9400371338687 -7.70107807117337 2.38470819554425 -3.22935866348872 0.0012406818969115 0.0425748214311245
"ENSG00000011677" 21.3273384949194 -2.1199897960823 0.62519009014819 -3.39095233512066 0.000696502133302951 0.0280974527934879
"ENSG00000012061" 106.232159406244 -1.34656697785013 0.345119676424181 -3.90173922217952 9.55040146438106e-05 0.00629663274325234
"ENSG00000019991" 39.5710859463338 2.73559353104194 0.610908811351636 4.47790812672915 7.53780263405681e-06 0.000825737287012331
"ENSG00000021762" 30.1912243893364 -2.17186286367794 0.565331660968913 -3.84174992066714 0.000122160265959415 0.00766380769836137
"ENSG00000022267" 3.11777531362505 -6.00681487974241 1.65083263844866 -3.63865769299741 0.000274062792368717 0.0141410442975467
"ENSG00000023902" 463.876005405753 -1.58152314636197 0.377674645353991 -4.18752798425115 2.82009257982724e-05 0.00237638688930886
"ENSG00000025434" 66.6167076352942 -1.43131828696427 0.34928728214399 -4.09782537222247 4.17049711179911e-05 0.00321038104698006
"ENSG00000025772" 581.483106171562 1.11916119486663 0.263700124604852 4.24406775136594 2.19504031572882e-05 0.00196601063750278
"ENSG00000028277" 244.537825436033 -1.54774633723235 0.442431851528892 -3.49827059666674 0.000468285750919903 0.0212383992957017
"ENSG00000036448" 32.1086960271972 5.13631354927976 1.00174678577188 5.12735715475449 2.93837768156431e-07 4.80982029461578e-05
"ENSG00000049759" 138.630756733846 -1.46735028032396 0.439811774583574 -3.336314226042 0.000848971473426665 0.0324134122066197
"ENSG00000050165" 11.461570625183 -7.10620541126885 1.42472797127489 -4.98776296566283 6.10824466804162e-07 8.98428790573729e-05
"ENSG00000050327" 8.74757155029757 -7.55067674050419 1.37548015863389 -5.48948430343296 4.03108936798371e-08 8.200963384208e-06
"ENSG00000052723" 30.8163231606828 -1.35081322104858 0.416005664583906 -3.24710295086889 0.00116586209230437 0.0409996997100886
"ENSG00000061656" 134.107431020736 -1.84356776577273 0.540252716172843 -3.41241739390519 0.000643894388725068 0.0265020230920049
"ENSG00000063601" 2.82183787628211 -5.52523041557326 1.73589717269851 -3.18292494651863 0.00145795400870267 0.0477303977883556
"ENSG00000064195" 10.1815454819044 -6.46770302918126 1.27911361391467 -5.0563944897648 4.27257074798503e-07 6.61366087196249e-05
"ENSG00000064205" 128.576602230688 -2.44106618042835 0.457920325217405 -5.33076617481309 9.77992746052811e-08 1.83257824954448e-05
"ENSG00000065809" 7.06135530478342 -4.83264442251923 1.17068318248208 -4.12805487841131 3.65844813711249e-05 0.00289444221781216
"ENSG00000066629" 78.6060638434603 -1.58159864416693 0.467034304734992 -3.3864721030811 0.000707974741311499 0.0283209783455535
"ENSG00000068079" 45.5980364405878 -1.78830658045282 0.559700568635083 -3.19511303126578 0.0013977608657616 0.0462918895100255
"ENSG00000071282" 10.7875451400675 -5.38955326043786 1.09389389815822 -4.92694334387658 8.35259610565202e-07 0.000117771605089693
"ENSG00000074370" 31.2539548069473 -6.54396138676757 1.39283992408391 -4.69828676907839 2.62352896969846e-06 0.000327734000504174
"ENSG00000074416" 733.345366088918 -2.07126647423842 0.299342313213214 -6.9193908873254 4.53589693903592e-12 3.22978541544053e-09
"ENSG00000075234" 21.9893631055442 -1.91729822064993 0.522840315585361 -3.66708182880535 0.00024533430292999 0.0132012261416333
"ENSG00000076706" 138.712385437176 -1.98460434408395 0.588814935605567 -3.37050612013244 0.000750302393557439 0.029435417043117
"ENSG00000077942" 13.1618062617965 -7.60893345526956 1.32834911235798 -5.72811272615131 1.0155407852979e-08 2.69306777694921e-06
"ENSG00000079263" 104.35404860258 2.28989470566567 0.356182564632147 6.42899157074293 1.28453249487325e-10 5.22657921699715e-08
"ENSG00000079308" 19.8210975552929 -4.51382876105297 0.809900256113218 -5.57331440135015 2.49937908798056e-08 5.47594732183556e-06
"ENSG00000084636" 27.3136816122028 -1.975194641614 0.452822387645526 -4.3619633116731 1.28900488837277e-05 0.00124651922776311
"ENSG00000085117" 946.933884194563 -1.22491306120933 0.331063873606284 -3.6999297080238 0.000215659192010386 0.0119847293791617
"ENSG00000087116" 9.44496842627659 -5.09323883046731 1.18691159620833 -4.29116949125615 1.77734587721826e-05 0.00163297952499775
"ENSG00000087510" 21.3241470368211 -8.58641799551495 1.27888565023833 -6.71398415793843 1.89380879248528e-11 1.03729734668396e-08
"ENSG00000090263" 225.589668186676 1.36020723453026 0.295351955955787 4.60537743902355 4.11718415075462e-06 0.000484568756123111
"ENSG00000090339" 21.6548680449184 -7.42599366711712 1.20526114545085 -6.16131507694067 7.21432846865558e-10 2.50583540785669e-07
"ENSG00000092068" 12.3979224525831 3.56240971569701 1.00152766289388 3.55697585566788 0.000375148620782777 0.0181717398250596
"ENSG00000095303" 22.4948356068705 -8.3991792752427 1.30479590819503 -6.43715942278021 1.21730060914285e-10 5.22657921699715e-08
"ENSG00000095752" 24.6537824794895 -2.17712040356188 0.550774330653199 -3.95283563956201 7.7230487703869e-05 0.00533615034804971
"ENSG00000099875" 77.3276127047578 -1.47590431470391 0.408538704553674 -3.61264256789655 0.000303092364874489 0.0152520790394968
"ENSG00000099994" 6.31479004991002 5.07262874018032 1.34965583572019 3.75846093939461 0.000170961720723638 0.0100192010898162
"ENSG00000100003" 67.3180682053233 -1.55076615054363 0.414640444666885 -3.74002625766402 0.000184001032616102 0.0106087396983235
"ENSG00000100234" 514.046474829588 -4.89702230242775 0.397533967996713 -12.3185002959753 7.20211781170787e-35 1.02565359756532e-30
"ENSG00000100292" 5765.0662180964 -2.08563802011734 0.43626967884829 -4.78061648846012 1.7475846166993e-06 0.000228324335104723
"ENSG00000100302" 20.0979598725373 -5.85392087950243 1.06408449617112 -5.50136845388359 3.76854730954616e-08 7.77795394713723e-06
"ENSG00000100342" 18.3348703593486 -3.38467082061746 0.744906313837865 -4.54375370129318 5.52612234088809e-06 0.000624583398861803
"ENSG00000100345" 1298.77321993081 -0.873698220731343 0.259856037580165 -3.36223944945597 0.00077313049584104 0.0300823808504706
"ENSG00000100350" 44.0525705604315 2.19121212847682 0.483717138005 4.5299452020949 5.89989867986478e-06 0.000661578402361845
"ENSG00000100906" 581.146465862082 -0.930681166467193 0.276047754513788 -3.37144987144138 0.000747736452243124 0.029435417043117
"ENSG00000101019" 395.877370971147 0.931436561457413 0.280052336270364 3.32593747962238 0.000881216921277953 0.0333760908934025
"ENSG00000101084" 361.856240243193 1.68902459111568 0.478399539005755 3.53057319960203 0.000414660259341294 0.0195535654082098
"ENSG00000101187" 46.9074651218405 -4.10700318965735 0.571807306210094 -7.18249512563653 6.84505027442076e-13 5.73413887988388e-10
"ENSG00000102174" 22.7719984347642 2.05914385836466 0.583144334127249 3.53110497325921 0.00041382747919552 0.0195535654082098
"ENSG00000102312" 84.8135077708553 -1.61756832671949 0.332390528675604 -4.86646937012502 1.13609521365992e-06 0.000154086970835533
"ENSG00000103024" 20.4793121390664 -6.17741419213786 1.2325577043725 -5.01186611403545 5.39047057645062e-07 8.16656292332269e-05
"ENSG00000103241" 21.8892721037869 -4.74983518548177 0.774443805353887 -6.1332212261822 8.61172607271503e-10 2.9199902619413e-07
"ENSG00000103534" 3.17574520460278 -5.34704363832104 1.66704816727167 -3.20749198691249 0.0013389779065553 0.0445522999234906
"ENSG00000104419" 931.064327450591 -1.81549959049916 0.267291925944387 -6.79219764714065 1.10438101384809e-11 7.4892809610527e-09
"ENSG00000104763" 299.8560011996 1.73837494477397 0.311173850415566 5.58650716457185 2.31681994555593e-08 5.15528638197843e-06
"ENSG00000104870" 97.0115111730231 -0.915117301589054 0.276921888988093 -3.30460443171541 0.00095110534541151 0.0352726333958472
"ENSG00000105048" 467.190292877905 -1.5416663464366 0.365298037383138 -4.22029737000652 2.43980271086888e-05 0.00214476730898047
"ENSG00000105290" 74.9473393046382 1.23414143398385 0.380025301151082 3.2475243891543 0.0011641368646205 0.0409996997100886
"ENSG00000105514" 60.308924032054 -1.48890023476525 0.377788801566617 -3.9410915003067 8.11116758241867e-05 0.00552684868618298
"ENSG00000106333" 116.13614656836 -1.52814916593278 0.440776969489317 -3.46694421830452 0.000526411120619175 0.0231377184220299
"ENSG00000106348" 63.0709440806217 -1.62569457322846 0.466627476928396 -3.48392380133654 0.000494120143284987 0.0220024972159251
"ENSG00000106538" 6.45625145405998 -6.49610224467179 1.545363851173 -4.20360696268451 2.626949266034e-05 0.00228112100595062
"ENSG00000107159" 225.780028014416 -3.33755569779147 0.431018327729768 -7.74341943965776 9.67781163983836e-15 1.72277144453673e-11
"ENSG00000107819" 226.856463034622 -1.15402044865012 0.356487307428024 -3.23719926236958 0.00120709093850699 0.0419272733055563
"ENSG00000107957" 53.8224916524843 -1.63149998480907 0.502509825293825 -3.24670265671941 0.00116750295059513 0.0409996997100886
"ENSG00000108375" 12.0330699511774 3.2234396088002 0.940320829580043 3.42802106196012 0.000607998287626418 0.0257773627534164
"ENSG00000108821" 28.6683239614105 -1.87662598351926 0.571673099416885 -3.2826907290783 0.00102821402906167 0.0373540713976206
"ENSG00000108846" 47.9619718797024 -2.40549824180571 0.42165002627541 -5.70496405052873 1.16367646076226e-08 2.85722697891644e-06
"ENSG00000109107" 101.92711332831 -1.59007836430835 0.377102225008197 -4.21657115460876 2.4804504451003e-05 0.00216712237967322
"ENSG00000110492" 23.2888142275555 -1.74592313003294 0.541745440001311 -3.22277402100277 0.00126955668820081 0.0431497775576796
"ENSG00000110721" 162.249308264838 1.45877880474778 0.393114838300538 3.71082101874907 0.000206588134597189 0.0116746889872959
"ENSG00000110811" 311.590669525085 -1.20279834459505 0.339445639743111 -3.54341963415796 0.000394973672109314 0.0188121072391597
"ENSG00000111057" 10.4179833892251 -7.59325877349526 1.41061620537113 -5.38293743158684 7.328001601161e-08 1.42956261372786e-05
"ENSG00000111254" 17.3602506189882 3.58984241567307 1.02753010986784 3.4936615299135 0.00047644465534432 0.0214716719517673
"ENSG00000111674" 535.32041201038 -1.20076968370355 0.314362932979613 -3.8196923292525 0.000133618238427286 0.00827329275409989
"ENSG00000112667" 52.4000107948655 -6.96904307099692 0.818069914628576 -8.5188844454218 1.6109747773734e-17 5.44611882470751e-14
"ENSG00000112679" 82.1865023865828 1.58203931195462 0.363301834129652 4.35461416192584 1.33301497620912e-05 0.00127405813934188
"ENSG00000112769" 58.4427204019241 2.17506567604546 0.491713788274604 4.42343844714552 9.71423173228224e-06 0.00100246647898139
"ENSG00000113504" 8.07096141343279 -6.63723573870221 1.42493390196767 -4.65792534624724 3.19411991879656e-06 0.000385486964098151
"ENSG00000113552" 864.999459276534 0.990582046952208 0.289038190484958 3.42716664981252 0.000609914638593301 0.0257773627534164
"ENSG00000115318" 120.014831960338 -1.51281593756991 0.364649909333257 -4.14868041606268 3.34397252091014e-05 0.00272122929544465
"ENSG00000115414" 277.985776765623 1.46081219046197 0.334742780741676 4.36398415292276 1.27714832990348e-05 0.00124651922776311
"ENSG00000115461" 30.7983806087055 -4.01007968016044 0.663370091731652 -6.04501126918849 1.49399559239836e-09 4.83545255257841e-07
"ENSG00000116017" 60.4998457994192 -1.59168201093695 0.486152494557986 -3.2740385552976 0.00106022144297078 0.0380317722149795
"ENSG00000116128" 11.8636862422354 -2.429719849182 0.66796329064097 -3.63750505937306 0.000275291786414732 0.0141531780878419
"ENSG00000116741" 17.5677203490104 2.4454201329864 0.634021592716011 3.85699818599356 0.000114788013892354 0.00726531602596008
"ENSG00000116824" 6.27821405912303 -4.69648944588018 1.30180245316396 -3.60768212908618 0.000308944662723387 0.0153298987520688
"ENSG00000117148" 103.675030349897 -6.96286574399652 0.593228651901738 -11.7372377778372 8.21250651017711e-32 5.84771526057161e-28
"ENSG00000117308" 57.0149934730285 -1.57805579929948 0.414129227507614 -3.81053954775617 0.000138663826690577 0.00854853487402817
"ENSG00000117394" 116.377196683014 -2.09384417674728 0.373124691648771 -5.61164732222613 2.00409564733237e-08 4.60327840542908e-06
"ENSG00000117525" 20.3346292628393 -3.53023161849929 0.688340446276674 -5.12861279268825 2.91884996591267e-07 4.80982029461578e-05
"ENSG00000117643" 51.5716478037797 1.5156438493256 0.455358794231331 3.32846069632648 0.000873273260138823 0.0331634253270319
"ENSG00000118523" 39.0223173622284 -1.88727367507439 0.461647856960946 -4.08812398155257 4.34875731088829e-05 0.00332544690450613
"ENSG00000121068" 48.6186243466055 -2.21164356437889 0.552026832987858 -4.00640590677145 6.16496680765962e-05 0.00445661382273506
"ENSG00000121310" 3.22004931349898 -6.23807577193893 1.6496005671854 -3.7815674267029 0.000155843997417833 0.00924739319678065
"ENSG00000121388" 2.91288133631214 -6.04012356536122 1.69075488378474 -3.57244188574541 0.000353667983304279 0.0173078548118084
"ENSG00000121552" 50.412569780527 4.74104773778886 0.703812912127936 6.73623296204469 1.62545603637691e-11 9.60819601391797e-09
"ENSG00000122861" 803.06759077152 -1.05516911611325 0.29064793288437 -3.63040296086687 0.000282979081744294 0.0143925182254303
"ENSG00000123143" 72.9428620902475 -1.79036718596654 0.55213910411545 -3.24260167885553 0.0011844367604509 0.0412806913210274
"ENSG00000123358" 6.10633390215615 -3.60671003824135 1.02351807288001 -3.52383620163409 0.000425347103672654 0.019925552971718
"ENSG00000123407" 8.62465410083216 -7.21317890708704 1.37782569397903 -5.23518971856016 1.64815482505238e-07 2.93392160794637e-05
"ENSG00000123689" 39.6296696461578 -9.81629560716683 1.27506688911484 -7.69865149112399 1.3750964352904e-14 1.95827483349706e-11
"ENSG00000124191" 220.092584652673 2.85192441853624 0.486059681834993 5.86743670606362 4.42583870821011e-09 1.21208402006962e-06
"ENSG00000124225" 67.603262406691 -3.37763338059118 0.462064417788965 -7.30987552937656 2.67389958151343e-13 2.53860026268885e-10
"ENSG00000124479" 65.8974773779623 1.42742181168639 0.442847810573376 3.22327846633867 0.00126732285475395 0.0431497775576796
"ENSG00000125398" 5.7448161160224 -5.79774598719686 1.41901474298564 -4.08575458137825 4.39337981340351e-05 0.00332798520865316
"ENSG00000125458" 154.865573605072 -1.15485979237473 0.333955062952696 -3.45812931286001 0.000543940234819396 0.0236474046205594
"ENSG00000125844" 65.3219191562585 -1.18995457975129 0.360545754911428 -3.30042598904988 0.000965381724860495 0.0354967717007913
"ENSG00000126005" 696.694776486522 1.03690502588788 0.322551183666803 3.21469918076323 0.00130581286594948 0.0440129363598954
"ENSG00000126561" 8.61355697935845 -3.59898178531392 0.912733857144789 -3.94307908832509 8.04421128532377e-05 0.00550757754395653
"ENSG00000127241" 10.6872639645245 -5.30518175184893 1.12265633794463 -4.72556166347547 2.29480183059116e-06 0.000289205954596891
"ENSG00000128283" 59.5946372198624 -1.91957208362635 0.562778774176855 -3.41088216490396 0.000647530691407716 0.0265748835052948
"ENSG00000128311" 38.9194257052613 -1.58363478626099 0.4879224219582 -3.24566921910521 0.00117174901917043 0.0409996997100886
"ENSG00000129226" 255.637769760956 -1.42792250123684 0.410820567737545 -3.47578143202673 0.000509367233901318 0.0225276359564865
"ENSG00000129244" 6.29155292695109 -3.40506966587949 0.977643708482199 -3.48293518010349 0.000495948431030965 0.0220024972159251
"ENSG00000129353" 42.1087352191726 -2.0761337898542 0.475388279929183 -4.36723806098769 1.25827558776923e-05 0.00124438212815428
"ENSG00000129521" 4.84824765891437 -4.38294641077587 1.28842456268091 -3.40178737485102 0.000669467015888725 0.0271620506361007
"ENSG00000129988" 153.682021855561 2.01596983028504 0.523592240069747 3.85026682216774 0.000117989215075185 0.00743488677825538
"ENSG00000130508" 94.7022033520747 -10.4586977939521 1.23057820440749 -8.49901107990761 1.91212654473264e-17 5.44611882470751e-14
"ENSG00000130702" 15.9618393391485 -2.48647240259881 0.565832248245137 -4.39436318857809 1.11097943787369e-05 0.00111402604037125
"ENSG00000130707" 18.5282768941969 -2.77649072777949 0.631029315245597 -4.3999393700099 1.08281127424456e-05 0.001093639386987
"ENSG00000130714" 8.30987603720696 -7.16057233335195 1.34448718766584 -5.3258762143977 1.00467536613956e-07 1.85812751807708e-05
"ENSG00000130844" 3.60027361833347 -6.35331555625722 1.61258656708972 -3.93982914524908 8.15396596744883e-05 0.00552955377821137
"ENSG00000131669" 38.9216307784174 -1.66517682879213 0.487639940475551 -3.4147671069934 0.000638365683888341 0.0263506252297213
"ENSG00000131778" 110.599877914907 -1.4707582683478 0.283522336430143 -5.18745114358981 2.13191830349149e-07 3.65790946506293e-05
"ENSG00000132205" 45.0221946133442 3.11730037313221 0.562236001288228 5.54446952167714 2.94846684582464e-08 6.26703229125204e-06
"ENSG00000132688" 22.0957557777219 -3.99186016995701 0.74466618411057 -5.36060352293946 8.29443782811875e-08 1.59623093392215e-05
"ENSG00000132718" 72.1068226355927 -0.985156198108772 0.309759412290861 -3.18039148777736 0.00147076210278528 0.0479293434914535
"ENSG00000132840" 14.4421058465572 -6.53561467090881 1.30940018980275 -4.99130420310488 5.99729570367244e-07 8.98428790573729e-05
"ENSG00000133030" 204.740987030101 -1.36219526253457 0.301490292741987 -4.51820604287359 6.23657805190845e-06 0.000693868031540846
"ENSG00000133216" 46.4300952104086 -1.8760892866213 0.446522338049068 -4.20155751852921 2.65084875069417e-05 0.00228792345809913
"ENSG00000133313" 93.9300495483265 -1.17147175697367 0.368421632161061 -3.179704052941 0.00147425532282204 0.0479334932701112
"ENSG00000133424" 21.8370415876673 -2.17798234406361 0.581628854540696 -3.74462567848965 0.000180662925375539 0.0104787980671343
"ENSG00000133665" 10.1892432259165 4.86013295882614 1.35106478221955 3.5972612289115 0.000321585472424602 0.0159017316416623
"ENSG00000133805" 50.1787628092533 -1.60942318747065 0.498664115687515 -3.22746942649305 0.00124890386614313 0.0427471226480629
"ENSG00000134013" 797.145022935888 -1.02391448337948 0.283789054219769 -3.60801260004395 0.00030855150869696 0.0153298987520688
"ENSG00000134121" 4.41429846968582 -5.91813078469077 1.61505330282744 -3.66435632454361 0.000247961383190944 0.0132012261416333
"ENSG00000134363" 56.053621415617 1.635718050259 0.449040041442425 3.64269975792064 0.000269793461290788 0.0140223674534384
"ENSG00000135111" 18.0761342938651 -1.89147840406398 0.533757956960583 -3.54370062197248 0.000394552994789971 0.0188121072391597
"ENSG00000135124" 56.7079376890444 -1.1733235389535 0.360272531272887 -3.25676657836779 0.00112689059963158 0.0400200723924023
"ENSG00000135127" 15.0438071918433 3.77287651634908 1.08866790635696 3.46558991435171 0.000529069585157679 0.0231830152684016
"ENSG00000135245" 481.620152283325 -0.982673274390697 0.308105293148915 -3.18940731055777 0.00142564849511284 0.0469604686692808
"ENSG00000135424" 155.882146984328 1.17173478953766 0.302197120021747 3.87738569266756 0.000105584906902252 0.00683470299634075
"ENSG00000135679" 101.15637740156 1.46861938185648 0.404131834257381 3.63401063060316 0.000279049356556744 0.014294754988218
"ENSG00000136205" 35.7189755293986 -2.51594536834234 0.539787394200301 -4.66099318986457 3.14687137181823e-06 0.000383030728256952
"ENSG00000136235" 161.854138865666 1.94279456951763 0.491621942877923 3.95180605272547 7.75635925880408e-05 0.00533615034804971
"ENSG00000136247" 81.012831825312 1.41185804468426 0.43844131073441 3.22017567714896 0.00128112061767694 0.0434391398008032
"ENSG00000136695" 221.863257002513 -1.99135643642523 0.437489027833543 -4.55178601000915 5.31924236814875e-06 0.00060601064451845
"ENSG00000136696" 64.7228397360969 -2.44304711830345 0.612401255056922 -3.98929149496333 6.62709426936068e-05 0.00471882247449827
"ENSG00000136697" 5.85251566634405 4.92787105787326 1.36576892813631 3.60812942537629 0.000308412636279706 0.0153298987520688
"ENSG00000136717" 214.865093057344 -1.20648036008889 0.345132220950082 -3.49570479617255 0.000472811468045879 0.0213755813220361
"ENSG00000136732" 88.7909621328794 -1.40080187197334 0.335322636541815 -4.17747482370955 2.94763278319534e-05 0.0024692493214991
"ENSG00000137801" 22.3160610347124 -5.859225617465 0.873669601669044 -6.70645471271019 1.99409694797603e-11 1.05177535689358e-08
"ENSG00000137868" 2.21618811263164 -5.77084970404781 1.81906169592286 -3.17243209341512 0.00151167907312469 0.0488159221777068
"ENSG00000138172" 15.1656495278435 -4.61607502166065 0.835043147508732 -5.52794790955683 3.23998213696341e-08 6.78538023713176e-06
"ENSG00000138621" 48.534920516508 -1.15826830524515 0.361087356789891 -3.2077232377846 0.00133790181180224 0.0445522999234906
"ENSG00000139211" 11.1458946641804 -3.98102089528593 0.887156952655341 -4.48739186833894 7.21003852067041e-06 0.000795954717619127
"ENSG00000139567" 12.0832576498895 -4.57245267361149 1.03285141417838 -4.42701884399204 9.55443884960362e-06 0.000993173457351863
"ENSG00000140297" 135.205403097851 1.6237222217872 0.405262548769413 4.00659332256992 6.16007926846873e-05 0.00445661382273506
"ENSG00000140830" 53.7033079602433 1.78036925326449 0.511154542289851 3.48303518010202 0.000495763211602908 0.0220024972159251
"ENSG00000141469" 15.6605759103207 -3.01206456080143 0.884314849014324 -3.40609972133652 0.0006589810427308 0.0269670949124406
"ENSG00000141526" 373.44877135026 -2.17102574310319 0.420802772178076 -5.15924772041295 2.47944072570469e-07 4.15408416173653e-05
"ENSG00000141574" 6.34829384375589 -4.24750215047738 1.28434855574242 -3.30712572649104 0.000942585764379436 0.0351396959961454
"ENSG00000141576" 9.85040999495778 -2.64575227748104 0.808023723207542 -3.27434975173554 0.00105905441612734 0.0380317722149795
"ENSG00000142185" 3.00175530598608 -5.7506084929314 1.6434861841522 -3.49903062671492 0.000466952941798583 0.0212383992957017
"ENSG00000142798" 138.141918668906 -3.13643665095719 0.46597907818327 -6.7308529455557 1.68671371636788e-11 9.60819601391797e-09
"ENSG00000142871" 47.8181580310221 -1.61904879295113 0.438410793617895 -3.69299482704399 0.000221628533072038 0.01219368521031
"ENSG00000142949" 11.9187190983723 -2.78972686778713 0.673645173167948 -4.14124078803666 3.45432097044709e-05 0.00278458969663009
"ENSG00000143294" 25.2879577365567 -1.59456301991634 0.492813331595082 -3.23563288102463 0.00121373377120435 0.0420554322037011
"ENSG00000143344" 53.9809910841218 2.16357947630799 0.588123014958524 3.67878729666883 0.000234345606423672 0.0128358299272289
"ENSG00000143369" 42.6865998376285 -1.71488519432664 0.411435971068679 -4.1680487728682 3.07218207797832e-05 0.0025436595914238
"ENSG00000143374" 54.9007962730806 -1.41132373591661 0.435281058272393 -3.24232747806228 0.00118557704868339 0.0412806913210274
"ENSG00000143418" 91.4992174391193 -1.43508451186863 0.32541386787513 -4.41002874659082 1.0335689776979e-05 0.00105892487851768
"ENSG00000143436" 58.3948478181287 -1.63296475488607 0.44068951940463 -3.70547671996421 0.000210993509773747 0.0118765160975808
"ENSG00000143458" 26.6651299433691 -2.12585256799764 0.627059936773892 -3.39019038424741 0.000698441000554365 0.0280974527934879
"ENSG00000143512" 55.927630254777 1.73110144927071 0.472131509849229 3.66656622817554 0.000245829273016179 0.0132012261416333
"ENSG00000143537" 260.074923768691 -1.32034473609391 0.354946878303825 -3.71983757795929 0.000199350935990487 0.0113558267177621
"ENSG00000143545" 303.630892085782 -1.20291972665983 0.259223993280289 -4.64046445484372 3.47626969768915e-06 0.000416013082057069
"ENSG00000143549" 88.3927987309164 -1.60525166581501 0.387666869547141 -4.14080178605463 3.46093937436645e-05 0.00278458969663009
"ENSG00000143553" 136.558012917687 -1.39663880302824 0.330237553835215 -4.22919436874569 2.34529656669264e-05 0.00207449493206646
"ENSG00000143575" 338.02796791126 -1.5322494201045 0.344245645947641 -4.45103500404928 8.5457409207422e-06 0.000894852179796248
"ENSG00000143590" 8.75030844275596 -3.3565214802725 0.811386037468933 -4.1367750063126 3.52221163980212e-05 0.00281796718890011
"ENSG00000143847" 41.8869770198704 -3.45186802294377 0.604066458812909 -5.7143845227349 1.10101784317884e-08 2.85083547358361e-06
"ENSG00000143850" 7.66048958360218 -4.44122233983769 1.17107031356114 -3.79244720697621 0.00014916996950443 0.00907833134919908
"ENSG00000144331" 5.17784185804876 5.31096838247563 1.40323798900992 3.78479518376129 0.000153835218973868 0.0092267376111253
"ENSG00000144354" 40.4765140528567 2.23342942537586 0.660637075970254 3.3807206810119 0.000722959943540081 0.0288300954043115
"ENSG00000144476" 6.36281220846215 -7.15546701907142 1.4070586927907 -5.08540763490082 3.66837324686684e-07 5.740802572377e-05
"ENSG00000144488" 16.4255962748833 -2.176947388877 0.550622490362088 -3.95361146153955 7.69803781202349e-05 0.00533615034804971
"ENSG00000144749" 41.9807086273547 -2.03361873550657 0.48866940578844 -4.16154298062806 3.16104486709783e-05 0.00258715172139886
"ENSG00000145555" 16.7122492234692 -2.9161660792003 0.680281798543859 -4.28670307722821 1.81344422879661e-05 0.00165546533732644
"ENSG00000146122" 4.31719166857503 -4.38062968168393 1.33994764067609 -3.26925437136755 0.00107831314447764 0.0385835615339347
"ENSG00000146386" 21.4710188698421 2.2660968309318 0.663541394818901 3.41515517890226 0.000637456838632695 0.0263506252297213
"ENSG00000146674" 128.87000990467 -3.09936836815468 0.470996483143831 -6.58044906719231 4.69029485510636e-11 2.30325824246792e-08
"ENSG00000147592" 9.86582459910073 3.89034089687434 1.06613545464656 3.64901183983609 0.000263250972509519 0.0138850262944743
"ENSG00000148655" 21.5996155614539 -2.53920611827405 0.621262712819231 -4.08716967215266 4.36667769919701e-05 0.00332544690450613
"ENSG00000148803" 15.2443135899005 -3.28469089761422 0.849213672764999 -3.86792041032433 0.000109767477209398 0.00700985938537686
"ENSG00000149150" 9.16807847122348 -2.64901704958835 0.787465152029162 -3.3639800348781 0.000768271007440002 0.0299751984026111
"ENSG00000149357" 102.964563537549 2.24664154740224 0.454125382059821 4.94718339065728 7.52950322376717e-07 0.000108310763040069
"ENSG00000149506" 79.3269666331686 -2.30758779344113 0.517146875923008 -4.46215166498401 8.11407618340351e-06 0.000868816232540221
"ENSG00000149557" 21.5201794114092 -3.71374029083671 0.61285950006242 -6.05969278514645 1.36381779078571e-09 4.51677422292541e-07
"ENSG00000149591" 70.6148356672993 -4.40904274379145 0.613442396299175 -7.1873785874447 6.60470880584199e-13 5.73413887988388e-10
"ENSG00000149596" 7.35736524029852 -3.76663464071578 0.97466323315589 -3.8645498389425 0.000111294264608523 0.00707563224236598
"ENSG00000149716" 90.2394298743473 1.27237644207844 0.344552502809379 3.69283761314707 0.000221765639313973 0.01219368521031
"ENSG00000150551" 16.4829535086464 -4.56773996838299 0.961276625576349 -4.75174351154573 2.01670090793453e-06 0.000258993400879729
"ENSG00000151012" 24.7802647981094 -3.22885621816082 0.689526175757868 -4.68271739591602 2.83096689491592e-06 0.000350572170004328
"ENSG00000151640" 39.2510444575777 -2.11958012584547 0.604323325023308 -3.5073611063477 0.000452574544186757 0.020857974381112
"ENSG00000151651" 22.3154939865852 -2.37656386379439 0.678247134340327 -3.50397921858655 0.000458361125817023 0.0209888128384573
"ENSG00000152767" 79.1872234330311 -2.27229081846463 0.398291219509558 -5.70509895061871 1.16275521058656e-08 2.85722697891644e-06
"ENSG00000153029" 40.3933169671038 2.01784255038135 0.45812861418596 4.40453289294495 1.0601205538795e-05 0.00107836977198557
"ENSG00000154736" 98.104935821017 1.53190546554667 0.442666455949727 3.46063146406703 0.000538910027016505 0.0235417720697609
"ENSG00000154832" 164.70128000188 -1.00571286773677 0.316164337557849 -3.18098137033801 0.00146777067986621 0.0479293434914535
"ENSG00000154917" 9.97133521574176 -7.65922198518446 1.35060638120294 -5.67095053879626 1.4200739585036e-08 3.37054554050828e-06
"ENSG00000154930" 7.11283920984174 4.60620618975014 1.32764914189834 3.4694453861236 0.000521534088032672 0.0229943249153971
"ENSG00000155876" 296.329493503184 -1.24235413464735 0.292953423154906 -4.2407906392356 2.22733819486206e-05 0.00198247020206441
"ENSG00000156113" 284.410982984222 -1.37837302960798 0.391571694350076 -3.52010385197986 0.000431377857889505 0.0201418100793588
"ENSG00000156345" 15.1791720818778 -2.07231864715649 0.587281090415896 -3.52866571217018 0.000417660359898328 0.0196300369152214
"ENSG00000156959" 27.5925720031498 -8.07101754118955 1.19507635436384 -6.75355805653597 1.4426273913531e-11 9.33838940011796e-09
"ENSG00000157399" 13.4172889849204 2.59688317469424 0.786711948315753 3.30093267332958 0.000963640036758167 0.0354967717007913
"ENSG00000157510" 11.7861646909325 -3.67083146953544 0.863547314864497 -4.25087474229649 2.12937235294574e-05 0.00191926529609495
"ENSG00000157557" 56.4771864016047 -1.40449338954486 0.39407758154271 -3.56400225571483 0.000365242812508345 0.0177522965629056
"ENSG00000157613" 232.62218610056 -1.27894454627095 0.366638763888619 -3.48829603478448 0.000486109543847044 0.0217694528739804
"ENSG00000157657" 17.7350649304826 3.44344866917104 0.952202275139113 3.6162995605823 0.000298844522187536 0.0150916483704706
"ENSG00000157873" 32.3545599941374 -2.22685152932955 0.54290959846606 -4.10169858042906 4.10128312110985e-05 0.00317425939824594
"ENSG00000158164" 12.5117375402172 4.62764631988478 1.12353438435295 4.11882928046736 3.80802128799606e-05 0.00299613431836198
"ENSG00000158710" 2828.97019239913 -1.59043161646106 0.364556152330665 -4.36265197087797 1.28495268110572e-05 0.00124651922776311
"ENSG00000158796" 49.1695980343318 -1.23135629524066 0.366790755214363 -3.35710831785009 0.000787622501019298 0.0304797066223256
"ENSG00000159167" 587.635383147224 -2.20420055232334 0.555513993767675 -3.96785783446019 7.25215722212645e-05 0.00506264563726974
"ENSG00000159176" 76.6788186496541 -1.68792498140736 0.452682509396016 -3.72871702876137 0.000192457117084777 0.0110071558409812
"ENSG00000159202" 353.79581953922 -1.54173107706592 0.480259793707998 -3.21020226399236 0.00132641601554764 0.0443415269422862
"ENSG00000159251" 10.3320276933361 -3.54097207973307 0.822115148299477 -4.30714856313922 1.6537254516867e-05 0.00153926170963858
"ENSG00000159352" 520.15367382805 -1.24774132174909 0.364077631286692 -3.4271298605724 0.000609997278835849 0.0257773627534164
"ENSG00000159377" 356.883313878787 -1.14961722290666 0.350947209254468 -3.27575542016372 0.00105379777136175 0.0380317722149795
"ENSG00000159403" 503.136618219024 -1.85379200485772 0.313983476839622 -5.90410687695075 3.54562260455151e-09 1.00986423022836e-06
"ENSG00000159733" 12.0584095258871 -2.17883194585869 0.652886966125582 -3.33722689976261 0.000846188364698586 0.0324129692096303
"ENSG00000160539" 4.73463803093804 -4.66181349609949 1.35154669116937 -3.44924339392674 0.000562159745701698 0.0241419192327001
"ENSG00000160691" 313.807195835552 -1.24246451869844 0.330053585703924 -3.76443272400318 0.000166927600901366 0.00982320646461305
"ENSG00000160712" 14.532319466391 -2.50408973699195 0.707493409446876 -3.53938242187962 0.000401064387640031 0.0190385264812723
"ENSG00000160752" 278.111401468841 -1.42568340917349 0.388781228446934 -3.66705824473234 0.00024535692292412 0.0132012261416333
"ENSG00000160753" 115.787540770911 -1.54072759293153 0.397892519067357 -3.87222055982085 0.000107848290121772 0.00691832207037909
"ENSG00000160783" 67.73168882425 -1.2425095355567 0.376685796457387 -3.29853035936612 0.000971923695007689 0.0355814019038676
"ENSG00000160789" 1122.62579649289 -1.33852822942109 0.271408492941399 -4.93178461335067 8.1481735079125e-07 0.000116038138926182
"ENSG00000161267" 27.6539437453002 2.31370106811009 0.592233827716532 3.90673575170637 9.35513651955557e-05 0.00619658135697632
"ENSG00000161653" 48.3050042973141 -1.77235918146056 0.469535756592542 -3.77470545443164 0.000160196832567529 0.00946623689873106
"ENSG00000162415" 5.23387531917323 -4.54317131389746 1.33032925782384 -3.41507283792977 0.000637649576470284 0.0263506252297213
"ENSG00000162458" 4.35962942521017 -6.66905989094302 1.52929487418947 -4.36087245403057 1.29544867431318e-05 0.00124651922776311
"ENSG00000162493" 60.7946538695235 -1.52162063235674 0.477345628678834 -3.18767061210591 0.00143423816747697 0.0470621791314276
"ENSG00000162576" 31.868184765318 -5.22468540893977 0.677859950110458 -7.70761778755096 1.28187977807702e-14 1.95827483349706e-11
"ENSG00000162595" 13.8302172499548 4.87232254211167 1.170708664966 4.16185741843224 3.15669436648969e-05 0.00258715172139886
"ENSG00000162704" 162.581386960951 1.21746956538006 0.368360897822221 3.30509989680728 0.000949425533657385 0.0352726333958472
"ENSG00000162734" 740.699761572315 -2.16010147246426 0.411468213434149 -5.24974081092649 1.52313366914439e-07 2.78089058747247e-05
"ENSG00000162735" 83.7171005670623 -1.14647970363598 0.359018510269899 -3.19337212661847 0.00140621602784534 0.0464638571984815
"ENSG00000162783" 108.626155173687 1.44130731415408 0.389213663006586 3.70312620327949 0.000212958873568597 0.0119399500727968
"ENSG00000163131" 112.782123981748 -1.55483236169419 0.454422736920771 -3.42155494293693 0.000622641432122797 0.0260928453216927
"ENSG00000163344" 50.2111274152866 -1.59978151677491 0.438879930814987 -3.6451462107282 0.000267239823895749 0.0139405213630013
"ENSG00000163468" 195.123751070456 -1.34875131691031 0.284019884469845 -4.74879186514671 2.0463540649003e-06 0.00026019757355576
"ENSG00000163710" 45.1616698145361 1.40383987128761 0.443351545493941 3.1664260236729 0.00154324593276371 0.0496103054819141
"ENSG00000163993" 26.3398753078369 -8.79333599102501 1.30556820430958 -6.73525593071192 1.63641637584682e-11 9.60819601391797e-09
"ENSG00000164171" 32.5402398180029 -2.05961452973873 0.516240533217212 -3.98964125676689 6.61733018991757e-05 0.00471882247449827
"ENSG00000164176" 8.62639881172398 4.20376420046873 1.14887157267278 3.65903752905027 0.00025316426791738 0.0134026481019012
"ENSG00000164266" 187.765258379456 3.69351186890601 0.502388238667391 7.35190751818399 1.95397990693687e-13 2.140509834976e-10
"ENSG00000164574" 26.3406010127779 -1.62845867691685 0.493142967435024 -3.30220399448646 0.000959282772040758 0.0354834959912531
"ENSG00000164761" 4.54569535787281 -6.24419162120736 1.55197396828991 -4.02338682786523 5.73671568343954e-05 0.00423298280040738
"ENSG00000164818" 57.8711383497036 -1.49311743222338 0.41807567233906 -3.57140472649282 0.000355071711773495 0.0173170419430354
"ENSG00000164932" 4.19491107760748 4.93658740866624 1.45706459720203 3.38803606795873 0.000703950066727407 0.0282393039444085
"ENSG00000165507" 33.9104545699485 -3.5877010167326 0.549811781001104 -6.52532583095996 6.78538644874491e-11 3.01970901301801e-08
"ENSG00000165891" 15.6055762834235 -5.24831578341168 0.973646693430326 -5.39036985266284 7.0312822335657e-08 1.39072903178068e-05
"ENSG00000166049" 4.25041834430515 -6.45581937746238 1.58953539527077 -4.06145053244484 4.87687528026355e-05 0.00367468681831922
"ENSG00000166073" 67.5242696761934 -1.04917433957941 0.331492513935625 -3.16500160779846 0.00155082094164978 0.0497415338514292
"ENSG00000166165" 14.6397312977091 -4.12926226716011 1.02887964143347 -4.01335792922006 5.98610372764807e-05 0.00439423212296062
"ENSG00000166333" 158.919884848224 -1.28420995446595 0.375043197391049 -3.42416543853997 0.000616690659189093 0.0259831114719286
"ENSG00000166908" 62.497692715929 1.38161084265321 0.417393616714711 3.31009097246817 0.000932656534157285 0.0349525307971945
"ENSG00000167077" 3.68105259797171 -6.03611402510648 1.62532095394881 -3.71379819502198 0.000204171628755228 0.0115840962753116
"ENSG00000167123" 102.55192223614 -1.40028321322971 0.441070764600069 -3.17473595081594 0.00149972905244628 0.0485400941724716
"ENSG00000167157" 7.24876120163394 -6.95836140132359 1.41853495231308 -4.90531543828173 9.32773129311658e-07 0.000130231589554189
"ENSG00000167191" 30.2181800253062 -1.97146328920154 0.583266119105001 -3.38004081606295 0.000724750660399094 0.0288300954043115
"ENSG00000167600" 21.023988008495 -4.80956311486505 0.940250362046149 -5.11519411106484 3.13418476233714e-07 5.07203695459582e-05
"ENSG00000167613" 5.87986968046614 -6.78965726998461 1.61885760502731 -4.19410406999328 2.7395219518386e-05 0.00233613964767267
"ENSG00000167767" 61.3554424960152 -2.87695661131054 0.479412447136515 -6.00100524818311 1.9609965167286e-09 6.07098943363738e-07
"ENSG00000167772" 151.932106941673 -3.2638568087241 0.464777382312668 -7.02240886267657 2.18075253335283e-12 1.72533871263764e-09
"ENSG00000168209" 83.6674779348062 -2.80720264271089 0.512404378821708 -5.47849073648853 4.28969041514703e-08 8.60415228198717e-06
"ENSG00000168453" 19.8741356088124 -6.31384979362297 1.12202921117878 -5.62717060368665 1.83189527309714e-08 4.27672468593056e-06
"ENSG00000168528" 78.4815725484465 -5.6428656416043 0.668953058029429 -8.43536863143551 3.30160491504551e-17 7.83635926586053e-14
"ENSG00000168621" 86.0739850813059 -1.63500950349329 0.455547334804716 -3.58911001903718 0.000331808796701347 0.0163504812243041
"ENSG00000169083" 9.07133612030246 -6.52647054945322 1.30858975381015 -4.98740765045 6.11948547754032e-07 8.98428790573729e-05
"ENSG00000169213" 84.0525531124546 -2.0444390159067 0.51348380422063 -3.98150632814946 6.84798975821022e-05 0.0048040503520528
"ENSG00000169242" 4.5421338676701 -6.70045392541639 1.55845818820662 -4.29941205745587 1.71251812299414e-05 0.00158363445386751
"ENSG00000169297" 21.1685938000656 -8.36784664189476 1.32641526608959 -6.30861756180178 2.81538837721991e-10 1.05510383894707e-07
"ENSG00000169756" 186.742748731376 -1.16424649384648 0.337663470450601 -3.44794920307141 0.0005648602597665 0.0241566815595638
"ENSG00000169851" 7.74146545246599 -3.68958820638771 1.0069742995246 -3.66403413486282 0.000248273675951289 0.0132012261416333
"ENSG00000169918" 19.6776546382793 2.35893625193216 0.72478216645987 3.2546830773364 0.00113518966790462 0.0402145175637555
"ENSG00000170266" 283.146912324196 1.06653365661734 0.327304047080492 3.2585409992045 0.00111986693461393 0.0398700625395923
"ENSG00000170412" 7.78212549554349 -7.0831395421729 1.39249661382462 -5.08664758811756 3.64448130816248e-07 5.740802572377e-05
"ENSG00000170421" 8.2037128240186 -3.89588998908756 1.00253576396198 -3.88603591924857 0.000101894436574868 0.00665632418010408
"ENSG00000170442" 6.35552404948256 -7.0875588157166 1.51880556279181 -4.66653466997349 3.06321978546765e-06 0.000376063042800386
"ENSG00000170454" 59.7462103554542 -2.00809918114916 0.548081401256667 -3.66387032390608 0.00024843259644391 0.0132012261416333
"ENSG00000170801" 4.26847187808111 -5.71138799170991 1.54340315912702 -3.70051593968512 0.000215161563083303 0.0119847293791617
"ENSG00000171045" 2.92733666098724 -6.25420563198083 1.67608903043282 -3.73142805568377 0.000190397387309722 0.0109332628737006
"ENSG00000171345" 3.74565256705922 -5.44437931282859 1.68343456161274 -3.23409025629891 0.00122030884310556 0.0420784945149303
"ENSG00000171388" 50.268446559498 -1.84927351428285 0.508115859058691 -3.63947214265013 0.000273197489018748 0.0141410442975467
"ENSG00000171603" 197.522752022656 -1.32749962167958 0.29813286575901 -4.45271143890806 8.47926742887229e-06 0.000894468499663483
"ENSG00000171608" 88.3204876277285 -1.23619666668869 0.368886153414065 -3.35116039256993 0.000804736775252877 0.0310576054644342
"ENSG00000172061" 89.9971825377742 -2.0047380986827 0.565225974770694 -3.54679046640771 0.000389954604574386 0.0187612956883238
"ENSG00000172426" 4.46912718374205 -6.23533363328215 1.54582455485805 -4.03366191440448 5.49143112916517e-05 0.00409442255028488
"ENSG00000172927" 87.1186133522527 1.99133973380438 0.484361670812323 4.11126613397113 3.93495316973418e-05 0.00306216765520133
"ENSG00000173442" 83.8291239065143 -1.61737084173674 0.45088307388859 -3.58711811421065 0.000334352894256938 0.016419032990045
"ENSG00000173641" 11.6839640510356 -6.92258013677285 1.32155931918083 -5.23819100383916 1.62158192585958e-07 2.92315800078055e-05
"ENSG00000173727" 31.5582739907266 -2.64527841935062 0.474942232178412 -5.56968456398907 2.55200930822888e-08 5.50654008461931e-06
"ENSG00000173918" 125.432784221614 -1.88733431495959 0.363664251823736 -5.18977134952037 2.10552467268588e-07 3.65668010533166e-05
"ENSG00000174837" 8.24605437491039 -6.08558194510731 1.38533174485328 -4.39286977124158 1.11864141403756e-05 0.00111402604037125
"ENSG00000175274" 18.1061441631347 -8.12077769434834 1.29413095378322 -6.27508187684433 3.49450351168478e-10 1.27603139768982e-07
"ENSG00000175745" 51.1664022920002 -3.70563975397347 0.553804790223127 -6.69123817524307 2.21290150602426e-11 1.12549751240327e-08
"ENSG00000175832" 37.414931877732 -1.80830910827071 0.532405062148816 -3.39649119971226 0.000682557521463335 0.0276144933612482
"ENSG00000176171" 281.563950710536 -1.79456474992045 0.320579130603457 -5.59788388764536 2.16983992340465e-08 4.9048714840009e-06
"ENSG00000177706" 512.046603833906 -1.99408238565088 0.322646601101055 -6.18039173152896 6.3942736451982e-10 2.27652127453169e-07
"ENSG00000178031" 25.3039898158161 2.09570457389806 0.621378486106975 3.37266999221031 0.000744431175109961 0.029435417043117
"ENSG00000178726" 4.05210546643694 -5.4129924303765 1.53827536253987 -3.51887091361784 0.000433387525140116 0.0201695155082366
"ENSG00000178860" 98.535519758744 -2.2408107585615 0.419281236369852 -5.34440982373193 9.07121215299398e-08 1.7224417636105e-05
"ENSG00000178971" 16.513258156363 -1.99393151704737 0.595715866976057 -3.34711836226365 0.000816563369123172 0.0314288619991435
"ENSG00000179242" 13.7007078132871 -8.14320808920738 1.82366329639389 -4.46530239727353 7.99557387653164e-06 0.000862613390724902
"ENSG00000180353" 29.4422439417668 2.41308298601234 0.526016268933779 4.58746835131848 4.48653415887703e-06 0.000519453113468031
"ENSG00000180964" 57.5944497098457 1.28188532241703 0.400733270804526 3.1988492491364 0.00137977297278378 0.045802673439193
"ENSG00000181666" 3.36075635209994 -6.04689734647991 1.66833239334845 -3.62451593614592 0.000289503169837438 0.0146719382265301
"ENSG00000182117" 403.985477702654 0.971847902521949 0.297896905139704 3.26236320604333 0.00110487482863977 0.0394348933199472
"ENSG00000182636" 34.2106576849548 -9.28959540019789 1.26633903832652 -7.33578853612075 2.20419814402551e-13 2.24214184064766e-10
"ENSG00000182809" 58.629356698234 -3.72338240342202 0.458903014578849 -8.11365862749691 4.91180033798601e-16 9.99270694475124e-13
"ENSG00000182870" 80.6892778449718 -2.11312025380026 0.463663320337695 -4.55744537277875 5.17795515272109e-06 0.000594671446208879
"ENSG00000183010" 191.497974352504 -1.93474755187698 0.463446581131863 -4.17469376330665 2.98387163116781e-05 0.0024849892338866
"ENSG00000183160" 30.2240080885197 -4.49788820334418 0.748888979164108 -6.00608144663127 1.90060743092277e-09 6.01478898306026e-07
"ENSG00000183688" 6.52709263518881 -6.64996955164614 1.44461659567556 -4.60327644826505 4.15895583258564e-06 0.000485472868949608
"ENSG00000183856" 53.4222692965789 -1.92690454210575 0.580062311026838 -3.32189233031656 0.000894091878070645 0.0337739056647322
"ENSG00000184260" 18.5818638297789 -3.31508485138612 0.995896996792758 -3.32874269333294 0.000872389605952782 0.0331634253270319
"ENSG00000184497" 199.033195757179 -0.861642160404561 0.260538841757393 -3.30715433672996 0.000942489495896035 0.0351396959961454
"ENSG00000184792" 42.5758081638543 -2.21114002279287 0.511786891776529 -4.32043113710376 1.5572464809867e-05 0.00145899652208761
"ENSG00000184939" 6.93270718819162 -4.91120490543909 1.2629116673664 -3.88879525967214 0.000100743057873622 0.00661143726810254
"ENSG00000184979" 7.22354905320929 -4.27682787994148 1.16691626502313 -3.66506835848816 0.000247272527707256 0.0132012261416333
"ENSG00000185022" 113.438390894933 -1.36575475563203 0.398243501952204 -3.42944642897387 0.000604813815231237 0.0257773627534164
"ENSG00000185187" 18.4100773543195 -1.96175289917182 0.598959939883288 -3.27526562052562 0.00105562668210217 0.0380317722149795
"ENSG00000185215" 23.7734888765853 -1.77204831405224 0.551186040901807 -3.21497313530102 0.00130456730612481 0.0440129363598954
"ENSG00000185352" 4.53025067831077 -6.05832653310437 1.54058451254323 -3.93248567915507 8.40719897462726e-05 0.00563437226834134
"ENSG00000185896" 3095.5401455728 0.847592853773308 0.245699081594408 3.44971925931936 0.000561169811633215 0.0241419192327001
"ENSG00000185904" 3.39896876313927 -6.244141045728 1.56195454697169 -3.99764580719336 6.39755835926504e-05 0.00460139538355018
"ENSG00000186340" 20.4327484153149 -2.28513574710006 0.535907335425708 -4.26405013710966 2.00754366901545e-05 0.00182098276372287
"ENSG00000186350" 116.169879067318 -1.06955504408805 0.33539272963041 -3.18896311576778 0.00142784094753167 0.0469604686692808
"ENSG00000186918" 166.678299382834 -2.47196774975842 0.35481531055572 -6.96691398656603 3.23968599337729e-12 2.42822990693084e-09
"ENSG00000187634" 46.2779241102459 -2.19323601408074 0.68232238646967 -3.2143691275154 0.00130731494138303 0.0440129363598954
"ENSG00000187837" 81.2185319426012 -2.18497131145513 0.626083936310733 -3.48990156867833 0.000483198486840391 0.0217073490570789
"ENSG00000188636" 120.723262676153 -1.12422240888325 0.280586518775713 -4.00668718436148 6.15763286450521e-05 0.00445661382273506
"ENSG00000189067" 246.069181729072 1.14429104596324 0.283280226037378 4.03943142085835 5.35809311496106e-05 0.00401603179211371
"ENSG00000189120" 33.0220731222457 -1.34094899930588 0.413117574376713 -3.24592581501532 0.00117069341800899 0.0409996997100886
"ENSG00000189171" 676.979227088332 -1.77143224685136 0.44430787857092 -3.98694763763594 6.69287892994249e-05 0.00474195466872194
"ENSG00000196139" 48.4293301421096 2.0794717007845 0.429427806245367 4.84242443209727 1.28264421833492e-06 0.000170711554329977
"ENSG00000196312" 77.0214863591696 1.65426329310624 0.348152825598503 4.75154349318414 2.01869724721929e-06 0.000258993400879729
"ENSG00000196510" 90.2173796599751 1.08375233439803 0.313424461053362 3.45777840936771 0.000544649161964994 0.0236474046205594
"ENSG00000196739" 24.4801246316482 -2.92360946146813 0.632649860656111 -4.62121252731503 3.81503702859162e-06 0.00045274951936811
"ENSG00000197046" 406.954503245034 -2.09922206791134 0.319316397533577 -6.57411296170785 4.8944064529049e-11 2.32337474319396e-08
"ENSG00000197358" 50.5870122945341 -2.17545606624048 0.450669868894117 -4.82716111369671 1.38493077686211e-06 0.000182618511049012
"ENSG00000197467" 21.9680003979925 -4.09815983665935 0.625333322182165 -6.55356062325033 5.61811100277111e-11 2.58088770291818e-08
"ENSG00000197622" 75.3142876875397 -1.06745446179381 0.325096421238756 -3.28350111553476 0.00102526238968166 0.0373421015126764
"ENSG00000197951" 8.45838712089639 -6.86019444798342 1.38115973095222 -4.96698122182707 6.80031701084574e-07 9.88197087259736e-05
"ENSG00000197971" 12.0171628635029 -4.99830136316908 0.996376725679857 -5.0164774370443 5.26274536209169e-07 8.05879104317718e-05
"ENSG00000198033" 50.6179765734395 -8.88929263558847 1.55212554792358 -5.72717371186917 1.0211759002546e-08 2.69306777694921e-06
"ENSG00000198498" 30.8171500848456 -1.61719181404388 0.448237757623067 -3.60788841756569 0.000308699190883976 0.0153298987520688
"ENSG00000198517" 124.374242286813 -1.24974132729246 0.329701858945868 -3.79051950537426 0.000150332525924462 0.00911015107102241
"ENSG00000198727" 2903.02907411967 1.33994739086093 0.393836048083636 3.40229747221204 0.000668218614245486 0.0271620506361007
"ENSG00000198768" 251.205775300675 -3.10166518745849 0.409270695397084 -7.57851764697979 3.49525367447701e-14 4.52508250711155e-11
"ENSG00000198837" 52.744944350622 -1.25212395893662 0.394199789387115 -3.17636891912948 0.00149131168005511 0.0483776073705349
"ENSG00000198840" 5244.13294194699 1.78549445704751 0.412426604709246 4.32924170424518 1.49623645847686e-05 0.00141111943080589
"ENSG00000198873" 37.4663132818816 -2.84595305915822 0.448862118560397 -6.34037255869539 2.2921020661829e-10 9.06717375680853e-08
"ENSG00000198885" 22.6713679449638 -2.91438094378755 0.59956632764959 -4.86081490802271 1.16903518793658e-06 0.000157058774635894
"ENSG00000198886" 7914.19599577425 1.4067128024698 0.428347377627554 3.28404672455573 0.00102327955826793 0.0373421015126764
"ENSG00000198899" 4540.63635197023 1.38753173639575 0.437509539112552 3.17143196285555 0.00151689396554566 0.0488734999170493
"ENSG00000198938" 35994.1388922599 1.53400345311152 0.365390952642117 4.19825242529746 2.68982706629763e-05 0.00230757995488823
"ENSG00000198959" 128.395319501731 -2.67936085761807 0.359223817821789 -7.45875057468295 8.73467783950344e-14 1.03658789260307e-10
"ENSG00000203685" 11.4645395509537 -7.55387444162517 1.32364059815044 -5.70689237862635 1.15057479679472e-08 2.85722697891644e-06
"ENSG00000203706" 6.22326339954704 -5.15298089285052 1.4132578216635 -3.64617185474701 0.000266175999538108 0.0139366453978962
"ENSG00000203805" 20.1534945920021 -2.64748809695757 0.675162510745718 -3.9212605184986 8.80869651157211e-05 0.00586189939351862
"ENSG00000203926" 3.39329270475879 -5.63242050563964 1.64917357549186 -3.41529878318587 0.000637120829696368 0.0263506252297213
"ENSG00000203950" 522.93899878231 0.807263195380978 0.227683595655249 3.54554834333919 0.000391797113176943 0.0187864736995045
"ENSG00000204060" 3.01911108092067 -5.62652376044053 1.6989784799252 -3.31170984619432 0.000927276660282205 0.0348426040081237
"ENSG00000204272" 119.790523630008 1.38167669870812 0.342672248907237 4.03206475900575 5.52889460795841e-05 0.00410088479749665
"ENSG00000205336" 77.8973814494533 -1.26610051960126 0.356478067388868 -3.55169261569218 0.000382761725504886 0.0184776601115766
"ENSG00000205542" 820.913670734901 2.12723551349941 0.416350721400609 5.10923940840877 3.23458279413662e-07 5.1756959068876e-05
"ENSG00000211448" 66.5285927144602 -5.15331087963209 0.548294595637689 -9.39879933275391 5.51892316817685e-21 2.61983282793355e-17
"ENSG00000212747" 17.475641373778 -5.19986702392581 0.871089261428626 -5.96938483135218 2.38149795329389e-09 7.06560674017881e-07
"ENSG00000213626" 28.7292225625662 -7.92118271856897 1.23134875933299 -6.4329319037604 1.25165736324972e-10 5.22657921699715e-08
"ENSG00000214193" 5.67645688218587 -4.03054574558196 1.16764095113985 -3.45187083550585 0.000556714159269492 0.0240977700369509
"ENSG00000214548" 21.950683824574 -8.41293312320579 1.32900045767503 -6.33027105041294 2.44730903829473e-10 9.41949405793386e-08
"ENSG00000214706" 88.8523680456373 -1.07639820304608 0.332974599795756 -3.2326736144629 0.00122637590538092 0.0421855537887191
"ENSG00000215483" 6.4283613268981 5.50033167162954 1.39889424360472 3.93191386466507 8.42722627032304e-05 0.00563437226834134
"ENSG00000221968" 190.282537903182 -1.06788416481114 0.275608968432198 -3.87463503414203 0.00010678461769959 0.00688108479936586
"ENSG00000224982" 292.786508272488 1.67326491490356 0.32384471957928 5.16687416449885 2.38041407417727e-07 4.0356520036141e-05
"ENSG00000230387" 13.6917613095627 -3.10673519006694 0.839840312050705 -3.69919750872755 0.000216282244957837 0.0119847293791617
"ENSG00000230734" 218.609741963789 -1.4979247395992 0.464209649300653 -3.22682809772669 0.00125170635097551 0.0427471226480629
"ENSG00000231290" 51.4099250258436 -3.26957136273663 0.55473149724229 -5.89397100938112 3.7702334459592e-09 1.05278224517461e-06
"ENSG00000232294" 4.8976327307416 -6.24495053300902 1.51890788361944 -4.11147417190816 3.93140859905218e-05 0.00306216765520133
"ENSG00000234287" 171.063560930588 -1.45959489420734 0.336942554885769 -4.33188053287651 1.47841159011788e-05 0.00140360396365792
"ENSG00000234337" 37.9341920154418 -2.63689100753838 0.638430130434166 -4.1302734345341 3.62332023742941e-05 0.00288266500006884
"ENSG00000234688" 19.0985950574397 -2.26542916048668 0.597180989938853 -3.79353864013427 0.00014851550727985 0.00907729330116888
"ENSG00000235782" 35.0241753251355 6.73292741896266 1.28777707943949 5.22833301388868 1.71045220805308e-07 3.00722838208443e-05
"ENSG00000237232" 8.28491181788742 -6.3100913614029 1.41475053854144 -4.46021485025084 8.18775305003432e-06 0.000870162620787603
"ENSG00000237265" 24.8816293203466 2.29896909832667 0.577256696102174 3.98257675285546 6.81720982687188e-05 0.0048040503520528
"ENSG00000239697" 2.9965705927796 -5.78070193143329 1.75176962748195 -3.29992131427843 0.000967119403125274 0.0354967717007913
"ENSG00000240225" 2.97677682658146 -5.64166271282241 1.68024168994437 -3.35764952541393 0.000786082142747712 0.0304797066223256
"ENSG00000241506" 40.1869538742021 -1.87234689946273 0.578825208967106 -3.23473627350106 0.00121755135444492 0.0420784945149303
"ENSG00000243167" 8.46219285301327 4.75054204151927 1.25536033153816 3.78420595439603 0.000154200094898379 0.0092267376111253
"ENSG00000246705" 101.996749870525 2.7416940041686 0.560800730344824 4.88889164335216 1.01405289756254e-06 0.000140205119555225
"ENSG00000247095" 34.0141723264968 -1.76732334745363 0.484707939751648 -3.64616133244932 0.000266186893352136 0.0139366453978962
"ENSG00000247627" 23.2951629180807 2.25775268873626 0.661148822493679 3.4148933068059 0.000638069997992926 0.0263506252297213
"ENSG00000248464" 3.71877647090314 -5.35370356660685 1.58437681891738 -3.37905951581965 0.000727342603624785 0.0288526072930935
"ENSG00000248968" 12.6760052094769 -2.79874615503006 0.745079638871587 -3.75630470759975 0.000172440720134239 0.0100644602271791
"ENSG00000249306" 38.9333036067188 -1.47721695073569 0.422212615893819 -3.49875132842358 0.000467442314946282 0.0212383992957017
"ENSG00000249641" 3.07588902413376 -5.81846272485419 1.68703586076732 -3.44892652264531 0.000562819829032823 0.0241419192327001
"ENSG00000250337" 9.70457555062791 4.5791653139613 1.24511570191912 3.6777026479574 0.000235344085250481 0.0128411307205062
"ENSG00000250742" 4.18135940543294 -6.05448239340692 1.5396392171679 -3.93240333572685 8.41008020549031e-05 0.00563437226834134
"ENSG00000253837" 10.4711617555613 -2.2769451536604 0.708807178311451 -3.21236187122798 0.00131648437329905 0.0442171083965843
"ENSG00000254337" 12.2579595027725 3.62025764759593 1.03174710753376 3.50886144595029 0.000450029280872222 0.0208080097042251
"ENSG00000254682" 34.2894690660398 1.97757513649564 0.580960999183037 3.40397227916601 0.000664134930012536 0.0271001304822594
"ENSG00000260386" 7.87610452019074 -4.78441623280798 1.39837312666332 -3.42141603094459 0.000622959582148412 0.0260928453216927
"ENSG00000260549" 47.0318735705913 -1.67496207224177 0.477920625447023 -3.50468672632634 0.00045714486328195 0.0209888128384573
"ENSG00000260877" 86.4245392593306 2.65203017392703 0.465844784935673 5.69294807989154 1.24864365987193e-08 3.01388717970105e-06
"ENSG00000264522" 56.2493443614492 -1.23475880122494 0.372549113601949 -3.3143517354982 0.000918558793057943 0.0346063380210004
"ENSG00000265933" 10.7546709435957 4.84442721172499 1.27175004485521 3.80926049998806 0.000139383046409444 0.00855583605136591
"ENSG00000267627" 197.247270625632 3.57896233938726 0.598545407948122 5.9794332925489 2.23915232126146e-09 6.78463153342223e-07
"ENSG00000268034" 12.0451793553862 -4.24565561858781 1.09383443966329 -3.88144262480413 0.000103838651874948 0.00675235726644354
"ENSG00000268388" 3.9987224188162 -5.27550196667763 1.45267441014752 -3.63157905847732 0.000281692333081283 0.0143784247864177
"ENSG00000268895" 2.92370698280789 -6.56014000764925 1.7099364547445 -3.83648175313595 0.000124809464599474 0.00776162264349832
"ENSG00000270722" 5.86325719531625 -5.74785819777939 1.63490103839591 -3.51572239712988 0.000438559280340123 0.0203437221867221
"ENSG00000272047" 152.86558155471 1.62412660751277 0.429373031834327 3.78255383337498 0.000155227507556493 0.00924739319678065
"ENSG00000273297" 15.3776474469866 2.76637476300384 0.738854181069977 3.74414171819085 0.00018101146861281 0.0104787980671343
"ENSG00000276529" 42.863220529485 -1.32728447330365 0.393767393010475 -3.3707323076097 0.00074968667423964 0.029435417043117
"ENSG00000277443" 141.542213290876 -1.36269738550421 0.404633131537693 -3.36773555918584 0.000757882516571624 0.0296511124134519
"ENSG00000277632" 48.8462139198081 -2.58121926559854 0.529847374883618 -4.87162792146608 1.10682463654288e-06 0.0001515604773943
"ENSG00000278970" 81.3603521508454 -1.30870780886702 0.392173397026998 -3.33706421391181 0.000846683838633697 0.0324129692096303
"ENSG00000283627" 33.4003910349864 3.40158452391895 0.570173042773591 5.96588100232175 2.43317569980769e-09 7.0716030899921e-07
"ENSG00000284543" 34.9646476125425 -7.22281940494821 1.72309710582877 -4.19176573422087 2.7679173135312e-05 0.00234630419416654
